(2833) (3761) (2161) (1301) (2707) (1433) (1913) (3001) (2399) (1303) (2017) (1367) 
(1907) (3847) (3919) (2677) (1499) (2417) (3853) (1657) (3719) (2251) (3457) (3511) 
(1669) (2927) (1087) (2389) (2549) (3797) (3491) (2521) (2659) (3257) (1153) (3313) 
(3023) (2311) (1931) (1619) (1061) (1109) (3301) (1733) (3067) (3433) (1999) (3041) 
(1381) (3539) (1459) (1319) (1439) (2357) (3877) (3011) (2713) (3547) (1097) (2309) 
(1699) (1721) (1621) (2539) (1187) (2347) (2843) (2711) (1823) (2647) (2633) (3779) 
(1889) (2473) (3319) (3187) (1567) (3229) (3929) (1979) (1471) (3769) (1553) (1213) 
(3541) (1579) (1609) (2957) (2143) (1289) (2141) (3851) (1103) (2027) (2531) (2789) 
(1901) (1871) (3329) (3881) (3767) (1993) (1583) (1069) (1217) (1637) (2267) (2503) 
(2351) (3463) (2729) (2741) (2089) (2693) (1163) (1667) (3373) (3109) (1481) (1811) 
(1019) (2971) (1291) (1753) (2593) (1601) (3659) (2683) (2333) (2543) (3517) (2341) 
(2239) (3323) (3583) (2557) (2371) (3391) (3137) (2953) (2969) (1279) (2113) (3359) 
